% 这个版本中的电动机用的是恒转矩模型，并且在重负荷地区
% [3,4,7,8,15,16,18]区域用电动机替代了一批恒阻抗负荷
% 剩余的负荷采用50%+50%的恒阻抗+恒功率替代

% 切机安排在4，7，18节点，故障时间设置为1s+0.2s
% 切除时间为1.2+0.2=1.4s，针对每组故障切固定比例的负荷，同时切除整数的电动机,作为预决策策略

Bus.con = [ ... 
  1  345  1  0  1  1;
  2  345  1  0  1  1;
  3  345  1  0  1  1;
  4  345  1  0  1  1;
  5  345  1  0  1  1;
  6  345  1  0  1  1;
  7  345  1  0  1  1;
  8  345  1  0  1  1;
  9  345  1  0  1  1;
  10  345  1  0  1  1;
  11  345  1  0  1  1;
  12  345  1  0  1  1;
  13  345  1  0  1  1;
  14  345  1  0  1  1;
  15  345  1  0  1  1;
  16  345  1  0  1  1;
  17  345  1  0  1  1;
  18  345  1  0  1  1;
  19  345  1  0  1  1;
  20  345  1  0  1  1;
  21  345  1  0  1  1;
  22  345  1  0  1  1;
  23  345  1  0  1  1;
  24  345  1  0  1  1;
  25  345  1  0  1  1;
  26  345  1  0  1  1;
  27  345  1  0  1  1;
  28  345  1  0  1  1;
  29  345  1  0  1  1;
  30  20  1  0  1  1;
  31  20  1  0  1  1;
  32  20  1  0  1  1;
  33  20  1  0  1  1;
  34  20  1  0  1  1;
  35  20  1  0  1  1;
  36  20  1  0  1  1;
  37  20  1  0  1  1;
  38  20  1  0  1  1;
  39  345  1  0  1  1;
 ];

Line.con = [ ... 
  2  1  100  345  60  0  0  0.0035  0.0411  0.6987  0  0  0  0  0  1;
  5  8  100  345  60  0  0  0.0008  0.0112  0.1476  0  0  0  0  0  1;
  6  7  100  345  60  0  0  0.0006  0.0092  0.113  0  0  0  0  0  1;
  11  6  100  345  60  0  0  0.0007  0.0082  0.1389  0  0  0  0  0  1;
  7  8  100  345  60  0  0  0.0004  0.0046  0.078  0  0  0  0  0  1;
  8  9  100  345  60  0  0  0.0023  0.0363  0.3804  0  0  0  0  0  1;
  39  9  100  345  60  0  0  0.001  0.025  1.2  0  0  0  0  0  1;
  10  11  100  345  60  0  0  0.0004  0.0043  0.0729  0  0  0  0  0  1;
  10  13  100  345  60  0  0  0.0004  0.0043  0.0729  0  0  0  0  0  1;
  13  14  100  345  60  0  0  0.0009  0.0101  0.1723  0  0  0  0  0  1;
  15  14  100  345  60  0  0  0.0018  0.0217  0.366  0  0  0  0  0  1;
  1  39  100  345  60  0  0  0.001  0.025  0.75  0  0  0  0  0  1;
  15  16  100  345  60  0  0  0.0009  0.0094  0.171  0  0  0  0  0  1;
  16  17  100  345  60  0  0  0.0007  0.0089  0.1342  0  0  0  0  0  1;
  16  19  100  345  60  0  0  0.0016  0.0195  0.304  0  0  0  0  0  1;
  21  16  100  345  60  0  0  0.0008  0.0135  0.2548  0  0  0  0  0  1;
  24  16  100  345  60  0  0  0.0003  0.0059  0.068  0  0  0  0  0  1;
  17  18  100  345  60  0  0  0.0007  0.0082  0.1319  0  0  0  0  0  1;
  17  27  100  345  60  0  0  0.0013  0.0173  0.3216  0  0  0  0  0  1;
  22  21  100  345  60  0  0  0.0008  0.014  0.2565  0  0  0  0  0  1;
  23  22  100  345  60  0  0  0.0006  0.0096  0.1846  0  0  0  0  0  1;
  24  23  100  345  60  0  0  0.0022  0.035  0.361  0  0  0  0  0  1;
  2  3  100  345  60  0  0  0.0013  0.0151  0.2572  0  0  0  0  0  1;
  26  25  100  345  60  0  0  0.0032  0.0323  0.513  0  0  0  0  0  1;
  27  26  100  345  60  0  0  0.0014  0.0147  0.2396  0  0  0  0  0  1;
  28  26  100  345  60  0  0  0.0043  0.0474  0.7802  0  0  0  0  0  1;
  29  26  100  345  60  0  0  0.0057  0.0625  1.029  0  0  0  0  0  1;
  29  28  100  345  60  0  0  0.0014  0.0151  0.249  0  0  0  0  0  1;
  2  25  100  345  60  0  0  0.007  0.0086  0.146  0  0  0  0  0  1;
  3  4  100  345  60  0  0  0.0013  0.0213  0.2214  0  0  0  0  0  1;
  18  3  100  345  60  0  0  0.0011  0.0133  0.2138  0  0  0  0  0  1;
  4  5  100  345  60  0  0  0.0008  0.0128  0.1342  0  0  0  0  0  1;
  14  4  100  345  60  0  0  0.0008  0.0129  0.1382  0  0  0  0  0  1;
  6  5  100  345  60  0  0  0.0002  0.0026  0.0434  0  0  0  0  0  1;
  13  12  100  345  60  0  1  0.0016  0.0435  0  1.006  0  0  0  0  1;
  2  30  100  345  60  0  17.25  0  0.0181  0  1.025  0  0  0  0  1;
  6  31  100  345  60  0  17.25  0  0.025  0  1.07  0  0  0  0  1;
  19  20  100  345  60  0  1  0.0007  0.0138  0  1.06  0  0  0  0  1;
  10  32  100  345  60  0  17.25  0  0.02  0  1.07  0  0  0  0  1;
  20  34  100  345  60  0  17.25  0.0009  0.018  0  1.009  0  0  0  0  1;
  23  36  100  345  60  0  17.25  0.0005  0.0272  0  1  0  0  0  0  1;
  22  35  100  345  60  0  17.25  0  0.0143  0  1.025  0  0  0  0  1;
  19  33  100  345  60  0  17.25  0.0007  0.0142  0  1.07  0  0  0  0  1;
  11  12  100  345  60  0  1  0.0016  0.0435  0  1.006  0  0  0  0  1;
  29  38  100  345  60  0  17.25  0.0008  0.0156  0  1.025  0  0  0  0  1;
  25  37  100  345  60  0  17.25  0.0006  0.0232  0  1.025  0  0  0  0  1;
 ];

SW.con = [ ... 
  31  100  20  0.982  0  6  -5  1.1  0.9  0.8  1  1  1;
 ];

PV.con = [ ... 
  39  100  345  10  1.03  2  -10  1.1  0.9  1  1;
  30  100  20  2.5  1.0475  2  -5  1.1  0.9  1  1;
  32  100  20  6.5  0.9831  2.5  -5  1.1  0.9  1  1;
  33  100  20  6.32  0.9972  1.5  -5  1.1  0.9  1  1;
  34  100  20  5.08  1.0123  2  -3  1.1  0.9  1  1;
  35  100  20  6.5  1.0493  2.5  -5  1.1  0.9  1  1;
  36  100  20  5.6  1.0635  1.5  -5  1.1  0.9  1  1;
  37  100  20  5.4  1.0278  0.5  -5  1.1  0.9  1  1;
  38  100  20  8.3  1.0265  0.5  -5  1.1  0.9  1  1;
 ];

PQ.con = [ ... 
  % 3  100  345  3.22  0.024  1.1  0.9  1  1;
  % 4  100  345  5  1.84  1.1  0.9  1  1;
  3  100  345  2.22  0.008  1.1  0.9  1  1;
  4  100  345  4  1.44  1.1  0.9  1  1;
  23  100  345  2.475  0.846  1.1  0.9  1  1;
  24  100  345  3.086  -0.92  1.1  0.9  1  1;
  25  100  345  2.24  0.472  1.1  0.9  1  1;
  26  100  345  1.39  0.17  1.1  0.9  1  1;
  27  100  345  2.81  0.755  1.1  0.9  1  1;
  28  100  345  2.06  0.276  1.1  0.9  1  1;
  29  100  345  2.835  0.269  1.1  0.9  1  1;
  31  100  20  0.092  0.046  1.1  0.9  1  1;
  39  100  345  11.04  2.5  1.1  0.9  1  1;
  % 7  100  345  2.338  0.84  1.1  0.9  1  1;
  % 8  100  345  5.22  1.76  1.1  0.9  1  1;
  7  100  345  1.338  0.60  1.1  0.9  1  1;
  8  100  345  4.22  1.36  1.1  0.9  1  1;
  12  100  345  0.085  0.88  1.1  0.9  1  1;
  % 15  100  345  3.2  1.53  1.1  0.9  1  1;
  % 16  100  345  3.29  0.323  1.1  0.9  1  1;
  % 18  100  345  1.58  0.3  1.1  0.9  1  1;
  15  100  345  2.2  1.13  1.1  0.9  1  1;
  16  100  345  2.29  0.243  1.1  0.9  1  1;
  18  100  345  0.58  0.15  1.1  0.9  1  1;
  20  100  345  6.28  1.03  1.1  0.9  1  1;
  21  100  345  2.74  1.15  1.1  0.9  1  1;
 ];

Pl.con = [ ...
  3  100  345   60  30  30  40  30  30  40  1   1;
  4  100  345   60  30  30  40  30  30  40  1   1;
  23  100  345  60  30  30  40  30  30  40  1   1;
  24  100  345  60  30  30  40  30  30  40  1   1;
  25  100  345  60  30  30  40  30  30  40  1   1;
  26  100  345  60  30  30  40  30  30  40  1   1;
  27  100  345  60  30  30  40  30  30  40  1   1;
  28  100  345  60  30  30  40  30  30  40  1   1;
  29  100  345  60  30  30  40  30  30  40  1   1;
  31  100  20   60  30  30  40  30  30  40  1   1;
  39  100  345  60  30  30  40  30  30  40  1   1;
  7  100  345   60  30  30  40  30  30  40  1   1;
  8  100  345   60  30  30  40  30  30  40  1   1;
  12  100  345  60  30  30  40  30  30  40  1   1;
  15  100  345  60  30  30  40  30  30  40  1   1;
  16  100  345  60  30  30  40  30  30  40  1   1;
  18  100  345  60  30  30  40  30  30  40  1   1;
  20  100  345  60  30  30  40  30  30  40  1   1;
  21  100  345  60  30  30  40  30  30  40  1   1;    
   ];

